<?xml version="1.0" encoding="UTF-8" standalone="no"?>
<!DOCTYPE svg PUBLIC "-//W3C//DTD SVG 20010904//EN"
              "http://www.w3.org/TR/2001/REC-SVG-20010904/DTD/svg10.dtd">

<svg xmlns="http://www.w3.org/2000/svg"
     width="24.4778in" height="6.75556in"
     viewBox="0 0 2203 608">
  <path id="Vetor importado"
        fill="none" stroke="black" stroke-width="1"
        d="M 1253.03,531.94
           C 1253.41,557.21 1253.66,560.21 1255.91,564.21
             1262.54,575.72 1285.79,577.98 1296.42,568.09
             1300.30,564.46 1301.55,564.96 1301.55,570.59
             1301.55,572.60 1302.42,572.97 1306.55,572.97
             1306.55,572.97 1311.55,572.97 1311.55,572.97
             1311.55,572.97 1311.55,538.57 1311.55,538.57
             1311.55,538.57 1311.55,504.16 1311.55,504.16
             1311.55,504.16 1306.05,504.16 1306.05,504.16
             1306.05,504.16 1300.55,504.16 1300.55,504.16
             1300.55,504.16 1300.05,527.56 1300.05,527.56
             1299.54,553.71 1298.29,558.83 1291.29,562.46
             1285.29,565.59 1276.54,565.97 1271.54,563.34
             1264.54,559.71 1264.04,557.58 1264.04,529.44
             1264.04,529.44 1264.04,504.16 1264.04,504.16
             1264.04,504.16 1258.29,504.16 1258.29,504.16
             1258.29,504.16 1252.66,504.16 1252.66,504.16
             1252.66,504.16 1253.03,531.94 1253.03,531.94 Z
           M 866.70,531.94
           C 867.07,557.21 867.32,560.21 869.57,564.21
             876.20,575.72 899.45,577.98 910.08,568.09
             913.96,564.46 915.21,564.96 915.21,570.59
             915.21,572.60 916.08,572.97 920.21,572.97
             920.21,572.97 925.21,572.97 925.21,572.97
             925.21,572.97 925.21,538.57 925.21,538.57
             925.21,538.57 925.21,504.16 925.21,504.16
             925.21,504.16 919.71,504.16 919.71,504.16
             919.71,504.16 914.21,504.16 914.21,504.16
             914.21,504.16 913.71,527.56 913.71,527.56
             913.21,553.71 911.96,558.83 904.96,562.46
             898.95,565.59 890.20,565.97 885.20,563.34
             878.20,559.71 877.70,557.58 877.70,529.44
             877.70,529.44 877.70,504.16 877.70,504.16
             877.70,504.16 871.95,504.16 871.95,504.16
             871.95,504.16 866.32,504.16 866.32,504.16
             866.32,504.16 866.70,531.94 866.70,531.94 Z
           M 1543.10,505.29
           C 1539.47,506.54 1536.22,507.92 1535.72,508.29
             1534.85,509.17 1537.72,516.67 1538.97,516.67
             1539.35,516.55 1542.85,515.55 1546.60,514.17
             1554.98,511.30 1560.48,511.05 1565.36,513.55
             1569.86,515.80 1570.98,518.05 1572.11,525.68
             1572.11,525.68 1572.98,531.69 1572.98,531.69
             1572.98,531.69 1564.23,531.69 1564.23,531.69
             1548.48,531.69 1534.97,535.94 1530.85,542.32
             1525.97,549.70 1526.60,561.96 1531.97,567.84
             1540.22,576.72 1561.35,576.22 1569.61,566.84
             1572.36,563.84 1574.11,565.09 1574.11,570.09
             1574.11,572.60 1574.73,572.97 1578.48,572.97
             1578.48,572.97 1582.86,572.97 1582.86,572.97
             1582.86,572.97 1582.86,545.82 1582.86,545.82
             1582.86,521.05 1582.61,518.30 1580.23,513.42
             1576.73,506.04 1570.11,502.91 1558.35,502.91
             1553.35,503.04 1546.98,503.91 1543.10,505.29 Z
           M 1571.61,545.70
           C 1571.61,554.21 1568.23,559.84 1561.23,562.96
             1555.23,565.72 1551.10,566.09 1545.48,564.09
             1540.72,562.46 1539.10,559.71 1539.10,553.58
             1539.10,547.20 1544.35,542.20 1551.73,541.20
             1572.98,538.44 1571.61,538.07 1571.61,545.70 Z
           M 1355.31,504.29
           C 1353.56,505.04 1350.43,507.29 1348.18,509.42
             1348.18,509.42 1344.18,513.30 1344.18,513.30
             1344.18,513.30 1343.43,508.67 1343.43,508.67
             1342.55,504.54 1342.18,504.16 1338.30,504.16
             1338.30,504.16 1334.05,504.16 1334.05,504.16
             1334.05,504.16 1334.05,538.57 1334.05,538.57
             1334.05,538.57 1334.05,572.97 1334.05,572.97
             1334.05,572.97 1338.93,572.97 1338.93,572.97
             1338.93,572.97 1343.80,572.97 1343.80,572.97
             1343.80,572.97 1344.31,549.45 1344.31,549.45
             1345.06,518.43 1347.06,513.67 1361.06,512.17
             1369.19,511.30 1374.56,514.55 1376.44,521.30
             1377.19,523.93 1377.81,536.57 1377.81,549.45
             1377.81,549.45 1377.81,572.97 1377.81,572.97
             1377.81,572.97 1383.44,572.97 1383.44,572.97
             1383.44,572.97 1389.07,572.97 1389.07,572.97
             1389.07,572.97 1389.07,549.08 1389.07,549.08
             1389.07,523.18 1389.94,518.80 1396.07,514.80
             1400.32,512.05 1410.20,511.17 1414.07,513.17
             1420.57,516.55 1421.57,521.18 1421.57,548.20
             1421.57,548.20 1421.57,572.97 1421.57,572.97
             1421.57,572.97 1427.32,572.97 1427.32,572.97
             1427.32,572.97 1433.08,572.97 1433.08,572.97
             1433.08,572.97 1432.58,545.70 1432.58,545.70
             1432.20,521.18 1431.95,518.05 1429.57,513.55
             1422.95,500.66 1398.69,499.16 1389.32,511.05
             1389.32,511.05 1386.56,514.42 1386.56,514.42
             1386.56,514.42 1383.19,510.42 1383.19,510.42
             1381.31,508.17 1377.94,505.54 1375.69,504.67
             1371.06,502.66 1359.93,502.54 1355.31,504.29 Z
           M 1223.40,504.79
           C 1221.40,505.79 1217.90,508.67 1215.78,511.05
             1211.90,515.42 1211.78,515.42 1211.02,512.67
             1210.65,511.05 1210.27,508.54 1210.27,506.92
             1210.27,504.54 1209.65,504.16 1205.90,504.16
             1205.90,504.16 1201.52,504.16 1201.52,504.16
             1201.52,504.16 1201.52,538.57 1201.52,538.57
             1201.52,538.57 1201.52,572.97 1201.52,572.97
             1201.52,572.97 1206.40,572.97 1206.40,572.97
             1206.40,572.97 1211.27,572.97 1211.27,572.97
             1211.27,572.97 1211.78,551.33 1211.78,551.33
             1212.28,527.06 1213.40,522.93 1221.28,516.93
             1224.78,514.30 1227.15,513.55 1232.65,513.42
             1239.53,513.30 1239.66,513.30 1240.41,509.04
             1240.91,506.79 1241.03,504.41 1240.78,503.91
             1239.66,502.16 1227.28,502.91 1223.40,504.79 Z
           M 1136.88,505.92
           C 1124.76,511.67 1119.50,522.68 1120.50,541.32
             1121.13,554.21 1123.63,560.09 1131.38,567.09
             1144.38,578.85 1167.64,575.97 1177.27,561.46
             1186.02,548.45 1185.39,525.81 1175.89,513.42
             1168.14,503.29 1150.14,499.79 1136.88,505.92 Z
           M 1162.51,515.05
           C 1170.52,520.93 1173.52,531.31 1171.52,545.57
             1169.64,558.71 1163.14,564.84 1151.51,564.84
             1142.51,564.71 1138.38,562.21 1134.38,554.21
             1132.13,549.83 1131.51,546.57 1131.51,539.07
             1131.51,524.56 1134.88,517.30 1143.38,513.42
             1148.39,511.05 1158.26,511.92 1162.51,515.05 Z
           M 953.34,505.29
           C 945.09,509.04 942.09,513.30 942.09,521.05
             942.09,527.06 942.59,528.31 946.34,532.19
             948.97,534.94 954.34,538.07 960.72,540.57
             977.97,547.58 981.35,550.58 979.97,557.46
             978.35,565.72 960.22,567.47 943.71,561.09
             941.84,560.34 941.46,560.96 941.46,565.34
             941.46,565.34 941.46,570.34 941.46,570.34
             941.46,570.34 948.59,572.47 948.59,572.47
             953.47,573.85 958.59,574.35 965.72,573.97
             980.22,573.22 987.72,568.72 990.22,559.08
             993.35,547.70 987.47,540.44 969.85,533.69
             956.47,528.43 952.72,525.56 952.72,520.55
             952.72,512.92 962.72,509.92 976.35,513.42
             986.22,515.92 985.85,516.05 987.47,512.30
             989.72,507.29 989.47,506.92 982.47,504.79
             973.47,502.16 959.59,502.41 953.34,505.29 Z
           M 808.93,504.29
           C 807.18,505.04 804.06,507.29 801.81,509.42
             801.81,509.42 797.81,513.30 797.81,513.30
             797.81,513.30 797.06,508.67 797.06,508.67
             796.18,504.54 795.81,504.16 791.93,504.16
             791.93,504.16 787.68,504.16 787.68,504.16
             787.68,504.16 787.68,554.21 787.68,554.21
             787.68,554.21 787.68,604.25 787.68,604.25
             787.68,604.25 792.68,604.25 792.68,604.25
             792.68,604.25 797.68,604.25 797.68,604.25
             797.68,604.25 797.68,584.86 797.68,584.86
             797.68,584.86 797.68,565.47 797.68,565.47
             797.68,565.47 803.31,569.47 803.31,569.47
             808.18,572.85 810.43,573.60 817.69,573.97
             837.44,575.10 847.94,562.84 847.94,538.57
             847.94,515.05 838.19,502.91 819.56,503.04
             815.44,503.04 810.68,503.66 808.93,504.29 Z
           M 826.44,514.05
           C 833.31,517.68 836.44,525.06 836.44,537.32
             836.44,549.08 834.94,554.71 830.44,559.46
             826.06,564.21 821.19,565.84 814.56,564.96
             807.68,563.84 802.06,559.46 800.06,553.20
             797.56,545.57 797.93,527.93 800.81,521.68
             804.81,512.67 817.19,509.04 826.44,514.05 Z
           M 688.91,504.29
           C 687.16,505.04 684.03,507.29 681.78,509.42
             681.78,509.42 677.78,513.30 677.78,513.30
             677.78,513.30 677.03,508.67 677.03,508.67
             676.15,504.54 675.78,504.16 671.90,504.16
             671.90,504.16 667.65,504.16 667.65,504.16
             667.65,504.16 667.65,538.57 667.65,538.57
             667.65,538.57 667.65,572.97 667.65,572.97
             667.65,572.97 672.53,572.97 672.53,572.97
             672.53,572.97 677.40,572.97 677.40,572.97
             677.40,572.97 677.90,549.45 677.90,549.45
             678.65,518.43 680.65,513.67 694.66,512.17
             702.78,511.30 708.16,514.55 710.04,521.30
             710.79,523.93 711.41,536.57 711.41,549.45
             711.41,549.45 711.41,572.97 711.41,572.97
             711.41,572.97 717.04,572.97 717.04,572.97
             717.04,572.97 722.66,572.97 722.66,572.97
             722.66,572.97 722.66,549.08 722.66,549.08
             722.66,523.18 723.54,518.80 729.67,514.80
             733.92,512.05 743.79,511.17 747.67,513.17
             754.17,516.55 755.17,521.18 755.17,548.20
             755.17,548.20 755.17,572.97 755.17,572.97
             755.17,572.97 760.92,572.97 760.92,572.97
             760.92,572.97 766.67,572.97 766.67,572.97
             766.67,572.97 766.17,545.70 766.17,545.70
             765.80,521.18 765.55,518.05 763.17,513.55
             756.55,500.66 732.29,499.16 722.91,511.05
             722.91,511.05 720.16,514.42 720.16,514.42
             720.16,514.42 716.79,510.42 716.79,510.42
             714.91,508.17 711.54,505.54 709.29,504.67
             704.66,502.66 693.53,502.54 688.91,504.29 Z
           M 606.64,505.29
           C 603.01,506.54 599.76,507.92 599.26,508.29
             598.89,508.79 599.26,510.80 600.14,512.92
             601.51,516.17 602.26,516.67 604.39,516.05
             616.76,512.05 621.39,511.17 625.89,512.30
             631.64,513.80 634.77,517.93 635.89,525.68
             635.89,525.68 636.64,531.69 636.64,531.69
             636.64,531.69 627.89,531.69 627.89,531.69
             612.01,531.69 598.51,535.94 594.38,542.32
             589.51,549.70 590.13,561.96 595.51,567.84
             603.76,576.72 624.89,576.22 633.14,566.84
             635.89,563.84 637.64,565.09 637.64,570.09
             637.64,572.60 638.27,572.97 642.02,572.97
             642.02,572.97 646.40,572.97 646.40,572.97
             646.40,572.97 646.40,545.82 646.40,545.82
             646.40,521.05 646.15,518.30 643.77,513.42
             640.27,506.04 633.64,502.91 621.89,502.91
             616.89,503.04 610.51,503.91 606.64,505.29 Z
           M 635.14,545.70
           C 635.14,554.21 631.77,559.84 624.77,562.96
             618.77,565.72 614.64,566.09 609.01,564.09
             604.26,562.46 602.64,559.71 602.64,553.58
             602.64,547.20 607.89,542.20 615.26,541.20
             636.52,538.44 635.14,538.07 635.14,545.70 Z
           M 1067.24,481.15
           C 1047.99,487.28 1038.36,502.66 1038.36,527.31
             1038.36,548.70 1045.24,562.46 1059.49,569.84
             1065.87,572.97 1068.37,573.60 1078.87,573.97
             1086.00,574.22 1093.37,573.72 1097.12,572.72
             1103.38,571.09 1103.38,571.09 1103.75,565.59
             1104.13,561.09 1103.88,560.21 1102.25,560.84
             1097.12,562.84 1083.12,564.46 1077.49,563.71
             1058.49,561.21 1049.36,547.58 1050.49,523.68
             1051.36,505.42 1058.24,495.16 1072.24,490.90
             1075.49,489.90 1079.87,489.15 1082.00,489.15
             1085.62,489.15 1096.75,491.65 1101.63,493.53
             1102.88,494.03 1104.13,492.91 1105.63,489.78
             1106.75,487.28 1107.75,485.15 1107.75,484.90
             1107.75,484.65 1105.38,483.40 1102.50,482.27
             1094.87,479.14 1075.24,478.52 1067.24,481.15 Z
           M 539.62,481.15
           C 520.37,487.28 510.74,502.66 510.74,527.31
             510.74,548.70 517.62,562.46 531.87,569.84
             538.25,572.97 540.75,573.60 551.25,573.97
             558.38,574.22 565.75,573.72 569.50,572.72
             575.76,571.09 575.76,571.09 576.13,565.59
             576.51,561.09 576.26,560.21 574.63,560.84
             569.50,562.84 555.50,564.46 549.87,563.71
             530.87,561.21 521.74,547.58 522.87,523.68
             523.74,505.42 530.62,495.16 544.62,490.90
             547.87,489.90 552.25,489.15 554.38,489.15
             558.00,489.15 569.13,491.65 574.01,493.53
             575.26,494.03 576.51,492.91 578.01,489.78
             579.13,487.28 580.13,485.15 580.13,484.90
             580.13,484.65 577.76,483.40 574.88,482.27
             567.25,479.14 547.62,478.52 539.62,481.15 Z
           M 1454.08,524.18
           C 1454.08,524.18 1454.08,572.97 1454.08,572.97
             1454.08,572.97 1457.83,572.97 1457.83,572.97
             1461.08,572.97 1461.71,572.35 1462.46,569.22
             1462.83,567.09 1463.33,565.47 1463.58,565.47
             1463.83,565.47 1466.58,567.34 1469.83,569.47
             1475.21,573.35 1476.21,573.60 1485.96,573.60
             1495.46,573.60 1496.84,573.35 1501.72,569.84
             1508.34,565.21 1512.47,557.33 1514.22,546.57
             1516.72,530.31 1511.59,514.30 1501.72,507.29
             1496.84,503.79 1495.46,503.54 1485.96,503.54
             1476.21,503.54 1475.21,503.79 1469.83,507.54
             1469.83,507.54 1464.08,511.67 1464.08,511.67
             1464.08,511.67 1464.08,493.53 1464.08,493.53
             1464.08,493.53 1464.08,475.39 1464.08,475.39
             1464.08,475.39 1459.08,475.39 1459.08,475.39
             1459.08,475.39 1454.08,475.39 1454.08,475.39
             1454.08,475.39 1454.08,524.18 1454.08,524.18 Z
           M 1492.84,513.92
           C 1499.84,517.43 1502.84,524.81 1502.84,538.57
             1502.84,552.33 1499.84,559.71 1492.84,563.34
             1484.96,567.47 1473.08,564.59 1468.46,557.46
             1463.33,549.70 1463.58,526.31 1468.83,519.18
             1471.83,515.05 1478.71,511.67 1484.09,511.67
             1486.46,511.67 1490.46,512.67 1492.84,513.92 Z
           M 1558.35,478.14
           C 1557.23,480.40 1554.60,484.65 1552.73,487.53
             1548.23,494.03 1548.23,495.41 1552.73,495.41
             1555.60,495.41 1558.10,493.53 1565.23,485.90
             1570.11,480.65 1574.11,475.89 1574.11,475.27
             1574.11,474.64 1570.98,474.14 1567.23,474.14
             1560.85,474.14 1560.35,474.39 1558.35,478.14 Z
           M 159.66,451.75
           C 154.03,455.00 153.78,457.25 153.78,511.05
             153.78,565.21 154.03,567.22 159.91,570.47
             161.54,571.22 181.54,571.72 215.67,571.72
             215.67,571.72 269.06,571.72 269.06,571.72
             269.06,571.72 272.69,568.09 272.69,568.09
             272.69,568.09 276.31,564.46 276.31,564.46
             276.31,564.46 276.31,511.30 276.31,511.30
             276.31,511.30 276.31,458.13 276.31,458.13
             276.31,458.13 273.06,454.25 273.06,454.25
             273.06,454.25 269.81,450.37 269.81,450.37
             269.81,450.37 215.92,450.37 215.92,450.37
             181.54,450.37 161.16,450.87 159.66,451.75 Z
           M 10.38,453.37
           C 10.38,453.37 6.88,456.38 6.88,456.38
             6.88,456.38 6.50,508.67 6.50,508.67
             6.25,546.45 6.63,561.96 7.63,564.59
             10.63,571.85 9.50,571.72 67.89,571.72
             67.89,571.72 121.53,571.72 121.53,571.72
             121.53,571.72 125.15,568.09 125.15,568.09
             125.15,568.09 128.78,564.46 128.78,564.46
             128.78,564.46 128.78,511.30 128.78,511.30
             128.78,511.30 128.78,458.13 128.78,458.13
             128.78,458.13 125.53,454.25 125.53,454.25
             125.53,454.25 122.28,450.37 122.28,450.37
             122.28,450.37 68.14,450.37 68.14,450.37
             68.14,450.37 13.88,450.37 13.88,450.37
             13.88,450.37 10.38,453.37 10.38,453.37 Z
           M 1577.86,381.44
           C 1577.86,408.59 1578.61,413.59 1583.36,418.84
             1591.74,428.23 1611.12,428.85 1621.12,420.10
             1625.49,416.22 1625.99,416.47 1626.87,422.22
             1627.24,424.22 1628.24,424.72 1631.62,424.72
             1631.62,424.72 1636.00,424.72 1636.00,424.72
             1636.00,424.72 1636.37,389.95 1636.37,389.95
             1636.37,389.95 1636.62,355.29 1636.62,355.29
             1636.62,355.29 1631.12,355.29 1631.12,355.29
             1631.12,355.29 1625.62,355.29 1625.62,355.29
             1625.62,355.29 1625.12,379.31 1625.12,379.31
             1624.62,406.21 1623.74,409.59 1616.24,414.09
             1611.62,416.97 1601.11,417.47 1595.99,415.09
             1589.74,412.34 1589.11,408.96 1589.11,380.94
             1589.11,380.94 1589.11,355.29 1589.11,355.29
             1589.11,355.29 1583.48,355.29 1583.48,355.29
             1583.48,355.29 1577.86,355.29 1577.86,355.29
             1577.86,355.29 1577.86,381.44 1577.86,381.44 Z
           M 1414.07,355.17
           C 1400.82,359.30 1393.57,369.43 1391.94,385.94
             1389.44,413.09 1409.32,431.73 1433.33,424.85
             1442.83,422.10 1449.45,415.97 1452.95,406.83
             1456.46,397.20 1455.96,378.69 1451.83,370.80
             1445.08,357.79 1428.32,350.91 1414.07,355.17 Z
           M 1435.08,366.55
           C 1441.83,370.68 1444.45,378.31 1443.83,392.07
             1443.33,404.96 1441.08,410.09 1434.58,414.22
             1428.95,417.72 1418.20,417.47 1412.70,413.72
             1405.82,409.21 1403.44,402.83 1403.57,389.70
             1403.57,377.06 1405.19,372.81 1411.57,367.30
             1414.95,364.55 1416.70,364.05 1423.20,364.05
             1428.82,364.05 1432.08,364.80 1435.08,366.55 Z
           M 1222.78,355.17
           C 1209.52,359.30 1202.27,369.43 1200.65,385.94
             1198.15,412.96 1218.03,431.73 1241.91,424.85
             1254.53,421.22 1261.54,412.59 1263.91,397.95
             1267.04,378.69 1258.79,361.17 1244.16,355.92
             1238.41,353.92 1228.15,353.54 1222.78,355.17 Z
           M 1243.78,366.55
           C 1250.03,370.43 1252.78,377.56 1252.78,390.20
             1252.78,408.34 1246.53,416.59 1233.03,416.59
             1220.78,416.59 1214.65,410.71 1212.53,396.83
             1210.65,384.57 1212.78,374.93 1219.03,368.80
             1223.53,364.30 1224.15,364.05 1231.65,364.05
             1237.53,364.05 1240.78,364.80 1243.78,366.55 Z
           M 1152.76,355.54
           C 1142.51,358.42 1136.88,366.30 1138.38,375.43
             1139.63,382.56 1144.63,386.69 1158.76,392.70
             1173.52,398.95 1176.52,401.33 1176.52,407.21
             1176.52,414.09 1172.14,416.59 1160.39,416.59
             1155.14,416.47 1148.64,415.59 1145.89,414.59
             1138.38,411.84 1138.38,411.84 1138.01,416.97
             1137.63,421.22 1138.01,421.85 1141.88,423.47
             1148.39,426.23 1161.26,427.10 1169.39,425.35
             1181.52,422.85 1188.64,414.72 1187.39,404.46
             1186.27,394.45 1185.02,393.45 1158.01,381.44
             1154.26,379.81 1150.76,377.56 1150.14,376.43
             1148.01,372.43 1148.89,367.93 1152.14,365.80
             1156.26,363.17 1170.02,363.17 1177.27,365.68
             1177.27,365.68 1182.39,367.55 1182.39,367.55
             1182.39,367.55 1184.39,363.30 1184.39,363.30
             1186.77,358.54 1186.52,358.29 1177.39,355.79
             1169.89,353.79 1159.14,353.67 1152.76,355.54 Z
           M 1089.50,356.04
           C 1075.24,361.17 1071.99,378.06 1083.62,386.32
             1085.62,387.69 1091.62,390.57 1097.12,392.82
             1102.63,395.07 1108.63,398.08 1110.50,399.33
             1116.75,403.71 1116.63,411.46 1110.25,414.72
             1105.25,417.34 1091.25,417.09 1083.12,414.22
             1083.12,414.22 1076.49,411.96 1076.49,411.96
             1076.49,411.96 1076.49,416.84 1076.49,416.84
             1076.49,421.22 1076.87,421.85 1081.00,423.60
             1088.37,426.73 1101.12,427.23 1109.25,424.85
             1118.50,422.22 1123.38,417.97 1125.01,411.21
             1128.13,399.08 1122.50,392.07 1103.63,384.82
             1086.87,378.31 1082.50,372.18 1090.37,366.18
             1094.50,363.17 1107.00,362.92 1115.00,365.68
             1115.00,365.68 1120.38,367.55 1120.38,367.55
             1120.38,367.55 1122.38,363.30 1122.38,363.30
             1123.50,361.05 1124.13,358.80 1123.88,358.54
             1123.50,358.17 1120.00,357.04 1115.88,355.92
             1106.75,353.67 1096.37,353.67 1089.50,356.04 Z
           M 1019.73,355.54
           C 1011.98,357.67 1003.35,366.93 1000.85,375.81
             997.48,387.32 998.60,401.71 1003.60,410.46
             1008.23,418.72 1014.86,423.60 1024.11,425.60
             1038.86,428.73 1052.74,422.10 1058.74,409.34
             1061.74,403.08 1062.12,400.70 1062.12,389.70
             1061.99,376.43 1059.99,370.05 1053.49,363.05
             1046.86,355.67 1031.36,352.29 1019.73,355.54 Z
           M 1041.49,366.18
           C 1043.36,367.30 1046.36,370.55 1047.99,373.31
             1050.49,377.69 1050.86,380.06 1050.86,390.32
             1050.74,403.08 1049.49,407.21 1043.49,412.71
             1040.99,415.09 1038.49,415.97 1032.48,416.34
             1022.86,417.09 1017.98,414.72 1013.86,407.46
             1011.23,402.83 1010.85,400.58 1010.85,389.70
             1010.85,378.81 1011.23,376.56 1013.73,372.43
             1015.36,369.93 1018.23,366.93 1019.98,365.93
             1024.73,363.42 1037.11,363.55 1041.49,366.18 Z
           M 971.72,356.67
           C 968.84,358.17 965.22,361.05 963.72,363.17
             961.22,366.55 960.97,366.80 960.09,364.55
             959.59,363.30 959.09,360.67 959.09,358.67
             958.97,355.67 958.47,355.29 954.59,355.29
             954.59,355.29 950.22,355.29 950.22,355.29
             950.22,355.29 950.22,390.32 950.22,390.32
             950.22,390.32 950.22,425.35 950.22,425.35
             950.22,425.35 955.22,425.35 955.22,425.35
             955.22,425.35 960.22,425.35 960.22,425.35
             960.22,425.35 960.22,405.58 960.22,405.58
             960.22,394.82 960.84,383.69 961.59,380.94
             964.59,369.80 973.35,363.17 983.47,364.42
             988.72,364.93 988.72,364.93 989.35,360.42
             989.60,357.92 989.60,355.54 989.35,354.92
             988.22,353.04 976.97,354.17 971.72,356.67 Z
           M 760.30,355.79
           C 753.92,357.92 747.29,363.80 743.54,370.93
             741.17,375.18 740.79,377.94 740.79,389.70
             740.79,402.08 741.17,404.21 744.04,409.71
             752.42,426.23 775.18,431.48 790.80,420.60
             804.56,410.96 808.06,383.82 797.68,367.43
             790.68,356.29 774.43,351.29 760.30,355.79 Z
           M 785.18,368.43
           C 790.43,373.56 793.18,383.44 792.30,393.82
             790.80,409.34 784.18,416.59 771.68,416.59
             758.05,416.59 752.42,409.71 751.67,392.07
             751.17,382.56 751.55,379.69 753.67,374.93
             757.42,366.55 762.30,363.80 772.93,364.30
             780.18,364.67 781.80,365.18 785.18,368.43 Z
           M 640.15,355.79
           C 637.02,356.79 633.27,357.92 631.64,358.42
             629.27,359.17 628.89,359.92 629.52,362.67
             630.77,367.68 631.89,368.18 638.39,365.93
             645.52,363.55 656.02,363.17 659.90,365.18
             663.40,367.05 664.65,369.68 665.78,376.68
             665.78,376.68 666.65,382.44 666.65,382.44
             666.65,382.44 654.90,383.32 654.90,383.32
             639.27,384.44 631.02,387.19 625.89,392.95
             621.02,398.33 619.52,404.58 621.39,411.71
             625.64,427.48 647.90,431.73 661.40,419.60
             661.40,419.60 666.28,415.09 666.28,415.09
             666.28,415.09 667.03,418.72 667.03,418.72
             668.53,424.97 668.78,425.35 672.65,425.35
             672.65,425.35 676.53,425.35 676.53,425.35
             676.53,425.35 676.15,396.08 676.15,396.08
             675.78,368.55 675.65,366.55 673.15,363.17
             671.65,361.30 668.65,358.54 666.53,357.29
             661.28,354.29 647.65,353.42 640.15,355.79 Z
           M 665.15,397.83
           C 665.15,409.96 658.40,416.59 646.15,416.59
             636.77,416.59 632.64,413.47 632.64,406.46
             632.64,395.70 638.64,391.95 656.77,391.70
             656.77,391.70 665.15,391.57 665.15,391.57
             665.15,391.57 665.15,397.83 665.15,397.83 Z
           M 700.91,346.53
           C 698.91,353.54 698.28,354.29 693.78,356.04
             690.03,357.67 688.91,358.80 688.91,361.05
             688.91,363.67 689.41,364.05 693.91,364.05
             693.91,364.05 698.91,364.05 698.91,364.05
             698.91,364.05 698.91,387.82 698.91,387.82
             698.91,413.84 699.66,417.84 705.66,422.60
             709.79,425.85 718.41,427.23 724.79,425.73
             728.92,424.72 729.54,424.10 729.92,420.60
             729.92,420.60 730.29,416.59 730.29,416.59
             730.29,416.59 722.79,416.59 722.79,416.59
             716.66,416.59 714.79,416.09 712.66,413.84
             710.29,411.34 710.16,409.59 710.16,387.69
             710.16,387.69 710.16,364.17 710.16,364.17
             710.16,364.17 719.91,363.80 719.91,363.80
             719.91,363.80 729.54,363.42 729.54,363.42
             729.54,363.42 729.92,359.30 729.92,359.30
             729.92,359.30 730.29,355.29 730.29,355.29
             730.29,355.29 720.29,355.29 720.29,355.29
             720.29,355.29 710.29,355.29 710.29,355.29
             710.29,355.29 709.91,347.41 709.91,347.41
             709.54,340.15 709.41,339.65 706.29,339.28
             703.28,338.90 702.91,339.53 700.91,346.53 Z
           M 510.99,332.27
           C 510.49,332.77 510.12,353.92 510.12,379.31
             510.12,379.31 510.12,425.47 510.12,425.47
             510.12,425.47 515.49,425.10 515.49,425.10
             515.49,425.10 520.74,424.72 520.74,424.72
             520.74,424.72 520.74,385.07 520.74,385.07
             520.74,363.30 520.87,345.53 520.99,345.66
             521.12,345.78 527.62,362.80 535.50,383.44
             543.50,404.08 550.37,421.97 550.75,423.22
             551.50,424.97 552.75,425.35 556.13,425.10
             556.13,425.10 560.50,424.72 560.50,424.72
             560.50,424.72 575.63,385.69 575.63,385.69
             575.63,385.69 590.76,346.53 590.76,346.53
             590.76,346.53 591.13,385.94 591.13,385.94
             591.13,385.94 591.38,425.35 591.38,425.35
             591.38,425.35 597.01,425.35 597.01,425.35
             597.01,425.35 602.64,425.35 602.64,425.35
             602.64,425.35 602.39,378.69 602.39,378.69
             602.39,378.69 602.01,332.15 602.01,332.15
             602.01,332.15 594.01,332.15 594.01,332.15
             594.01,332.15 586.01,332.15 586.01,332.15
             586.01,332.15 571.63,369.30 571.63,369.30
             563.75,389.82 556.88,406.58 556.38,406.58
             555.88,406.58 549.12,389.82 541.25,369.30
             541.25,369.30 526.99,332.15 526.99,332.15
             526.99,332.15 519.49,331.77 519.49,331.77
             515.24,331.52 511.49,331.77 510.99,332.27 Z
           M 1525.72,331.52
           C 1508.97,334.90 1500.47,348.16 1505.59,362.92
             1508.84,372.56 1511.09,374.18 1538.10,386.32
             1549.60,391.57 1553.10,398.83 1548.48,407.84
             1545.98,412.71 1540.35,415.47 1531.72,416.22
             1525.47,416.72 1511.09,414.59 1504.97,412.21
             1502.97,411.34 1502.72,411.84 1503.09,416.72
             1503.47,421.85 1503.72,422.35 1508.47,423.97
             1511.47,424.97 1518.84,425.73 1526.60,425.85
             1537.72,425.98 1540.60,425.47 1545.98,423.10
             1553.85,419.47 1556.48,417.09 1559.23,410.96
             1564.10,400.45 1560.98,387.44 1552.10,381.31
             1549.35,379.44 1542.23,375.93 1536.22,373.56
             1522.35,368.18 1519.47,366.18 1516.97,361.05
             1514.47,355.67 1515.59,349.16 1519.84,345.16
             1524.10,341.16 1537.97,340.28 1548.48,343.41
             1552.35,344.53 1555.73,345.28 1555.85,345.03
             1556.73,343.66 1559.10,337.53 1559.10,336.65
             1559.10,335.28 1546.23,331.90 1537.85,331.15
             1534.10,330.77 1528.60,331.02 1525.72,331.52 Z
           M 890.83,331.65
           C 881.20,333.02 869.07,339.03 863.82,344.91
             856.44,353.42 853.44,361.92 852.94,376.18
             852.19,394.70 855.32,404.33 864.95,414.09
             873.07,422.22 879.70,424.97 893.33,426.23
             901.95,426.85 916.46,425.35 925.59,422.60
             925.59,422.60 930.21,421.22 930.21,421.22
             930.21,421.22 930.21,398.83 930.21,398.83
             930.21,398.83 930.21,376.56 930.21,376.56
             930.21,376.56 913.96,376.56 913.96,376.56
             913.96,376.56 897.70,376.56 897.70,376.56
             897.70,376.56 897.70,381.56 897.70,381.56
             897.70,381.56 897.70,386.57 897.70,386.57
             897.70,386.57 907.71,386.57 907.71,386.57
             907.71,386.57 917.71,386.57 917.71,386.57
             917.71,386.57 917.71,400.33 917.71,400.33
             917.71,412.34 917.46,414.34 915.58,414.97
             914.33,415.47 907.96,415.84 901.45,415.97
             886.95,415.97 879.82,413.59 873.45,406.58
             866.32,398.70 864.82,393.95 864.70,379.06
             864.70,367.68 865.07,365.18 867.57,359.92
             871.32,352.29 879.82,344.78 887.08,342.78
             894.33,340.78 912.83,341.78 919.33,344.41
             919.33,344.41 923.96,346.41 923.96,346.41
             923.96,346.41 925.84,341.91 925.84,341.91
             926.96,339.28 927.34,336.90 926.71,336.28
             923.21,332.77 901.95,330.02 890.83,331.65 Z
           M 1657.88,375.93
           C 1657.88,375.93 1657.88,425.35 1657.88,425.35
             1657.88,425.35 1663.50,425.35 1663.50,425.35
             1663.50,425.35 1669.13,425.35 1669.13,425.35
             1669.13,425.35 1669.13,375.93 1669.13,375.93
             1669.13,375.93 1669.13,326.52 1669.13,326.52
             1669.13,326.52 1663.50,326.52 1663.50,326.52
             1663.50,326.52 1657.88,326.52 1657.88,326.52
             1657.88,326.52 1657.88,375.93 1657.88,375.93 Z
           M 1362.81,344.78
           C 1362.81,344.78 1362.81,362.92 1362.81,362.92
             1362.81,362.92 1358.81,359.92 1358.81,359.92
             1342.68,347.91 1320.42,355.04 1314.80,373.93
             1311.92,383.82 1312.17,399.83 1315.30,408.34
             1321.55,424.97 1340.55,431.35 1356.31,422.10
             1359.18,420.35 1361.56,418.47 1361.56,417.84
             1361.56,417.09 1362.06,416.59 1362.68,416.59
             1363.43,416.59 1364.06,418.47 1364.31,420.60
             1364.68,424.35 1365.06,424.72 1369.44,425.10
             1369.44,425.10 1374.06,425.47 1374.06,425.47
             1374.06,425.47 1374.06,376.06 1374.06,376.06
             1374.06,376.06 1374.06,326.52 1374.06,326.52
             1374.06,326.52 1368.44,326.52 1368.44,326.52
             1368.44,326.52 1362.81,326.52 1362.81,326.52
             1362.81,326.52 1362.81,344.78 1362.81,344.78 Z
           M 1354.06,366.55
           C 1360.56,371.06 1362.18,375.93 1362.18,390.95
             1362.18,402.33 1361.81,405.33 1359.68,408.71
             1356.56,414.09 1350.93,416.59 1342.43,416.59
             1330.18,416.59 1324.18,408.34 1324.05,391.57
             1324.05,379.94 1325.68,373.81 1330.05,368.93
             1335.43,362.80 1347.18,361.67 1354.06,366.55 Z
           M 309.07,303.37
           C 301.57,306.63 301.32,308.25 301.32,363.30
             301.32,391.07 301.82,414.09 302.44,415.72
             303.19,417.47 304.94,420.10 306.44,421.47
             309.20,424.10 310.20,424.10 362.96,424.10
             362.96,424.10 416.59,424.10 416.59,424.10
             416.59,424.10 420.22,420.47 420.22,420.47
             420.22,420.47 423.85,416.84 423.85,416.84
             423.85,416.84 423.85,363.42 423.85,363.42
             423.85,304.75 423.97,305.63 416.09,302.87
             413.59,302.00 394.96,301.50 362.71,301.50
             322.57,301.62 312.45,302.00 309.07,303.37 Z
           M 161.66,303.25
           C 153.78,306.75 153.78,307.25 153.78,363.42
             153.78,417.59 154.03,419.60 159.91,422.85
             161.54,423.60 181.54,424.10 215.67,424.10
             215.67,424.10 269.06,424.10 269.06,424.10
             269.06,424.10 272.69,420.47 272.69,420.47
             272.69,420.47 276.31,416.84 276.31,416.84
             276.31,416.84 276.31,363.55 276.31,363.55
             276.31,363.55 276.31,310.26 276.31,310.26
             276.31,310.26 272.69,306.25 272.69,306.25
             272.69,306.25 269.06,302.12 269.06,302.12
             269.06,302.12 217.30,301.87 217.30,301.87
             175.29,301.62 164.91,301.87 161.66,303.25 Z
           M 13.75,303.62
           C 11.38,304.88 8.75,307.25 7.88,309.00
             6.63,311.38 6.25,324.89 6.25,363.17
             6.25,417.59 6.50,419.60 12.38,422.85
             14.00,423.60 34.01,424.10 68.14,424.10
             68.14,424.10 121.53,424.10 121.53,424.10
             121.53,424.10 125.15,420.47 125.15,420.47
             125.15,420.47 128.78,416.84 128.78,416.84
             128.78,416.84 128.78,363.55 128.78,363.55
             128.78,363.55 128.78,310.26 128.78,310.26
             128.78,310.26 125.15,306.25 125.15,306.25
             125.15,306.25 121.53,302.12 121.53,302.12
             121.53,302.12 69.77,301.75 69.77,301.75
             22.51,301.50 17.75,301.62 13.75,303.62 Z
           M 2126.73,215.80
           C 2126.73,215.80 2126.73,277.73 2126.73,277.73
             2126.73,277.73 2164.87,277.73 2164.87,277.73
             2164.87,277.73 2203.00,277.73 2203.00,277.73
             2203.00,277.73 2203.00,266.47 2203.00,266.47
             2203.00,266.47 2203.00,255.21 2203.00,255.21
             2203.00,255.21 2177.99,255.21 2177.99,255.21
             2177.99,255.21 2152.99,255.21 2152.99,255.21
             2152.99,255.21 2152.99,204.54 2152.99,204.54
             2152.99,204.54 2152.99,153.88 2152.99,153.88
             2152.99,153.88 2139.86,153.88 2139.86,153.88
             2139.86,153.88 2126.73,153.88 2126.73,153.88
             2126.73,153.88 2126.73,215.80 2126.73,215.80 Z
           M 1892.93,215.80
           C 1892.93,215.80 1892.93,277.85 1892.93,277.85
             1892.93,277.85 1905.81,277.48 1905.81,277.48
             1905.81,277.48 1918.56,277.10 1918.56,277.10
             1918.56,277.10 1918.94,253.58 1918.94,253.58
             1918.94,253.58 1919.19,230.19 1919.19,230.19
             1919.19,230.19 1925.94,230.19 1925.94,230.19
             1925.94,230.19 1932.69,230.19 1932.69,230.19
             1932.69,230.19 1947.44,253.96 1947.44,253.96
             1947.44,253.96 1962.32,277.73 1962.32,277.73
             1962.32,277.73 1976.45,277.73 1976.45,277.73
             1989.08,277.73 1990.58,277.48 1989.95,275.73
             1989.58,274.60 1981.57,262.47 1972.20,248.70
             1959.19,229.56 1955.57,223.31 1956.82,222.56
             1957.82,221.93 1958.94,221.43 1959.57,221.43
             1961.70,221.43 1972.07,210.67 1974.57,205.79
             1976.70,201.79 1977.32,198.66 1977.32,190.16
             1977.32,177.02 1973.95,169.26 1965.70,163.01
             1956.32,155.88 1950.44,154.75 1920.19,154.13
             1920.19,154.13 1892.93,153.63 1892.93,153.63
             1892.93,153.63 1892.93,215.80 1892.93,215.80 Z
           M 1943.44,178.52
           C 1948.82,181.02 1951.07,185.28 1950.94,192.16
             1950.69,203.04 1944.07,207.67 1928.56,207.67
             1928.56,207.67 1919.19,207.67 1919.19,207.67
             1919.19,207.67 1919.19,191.28 1919.19,191.28
             1919.19,191.28 1919.19,174.77 1919.19,174.77
             1919.19,174.77 1929.19,175.64 1929.19,175.64
             1934.69,176.02 1941.19,177.40 1943.44,178.52 Z
           M 1795.66,215.43
           C 1795.66,215.43 1796.03,277.10 1796.03,277.10
             1796.03,277.10 1831.42,277.48 1831.42,277.48
             1831.42,277.48 1866.67,277.73 1866.67,277.73
             1866.67,277.73 1866.67,266.47 1866.67,266.47
             1866.67,266.47 1866.67,255.21 1866.67,255.21
             1866.67,255.21 1844.79,255.21 1844.79,255.21
             1844.79,255.21 1822.91,255.21 1822.91,255.21
             1822.91,255.21 1822.91,239.57 1822.91,239.57
             1822.91,239.57 1822.91,223.93 1822.91,223.93
             1822.91,223.93 1843.54,223.93 1843.54,223.93
             1843.54,223.93 1864.30,223.93 1864.30,223.93
             1864.30,223.93 1863.92,212.93 1863.92,212.93
             1863.92,212.93 1863.55,202.04 1863.55,202.04
             1863.55,202.04 1843.29,201.67 1843.29,201.67
             1843.29,201.67 1822.91,201.42 1822.91,201.42
             1822.91,201.42 1822.91,188.28 1822.91,188.28
             1822.91,188.28 1822.91,175.14 1822.91,175.14
             1822.91,175.14 1844.79,175.14 1844.79,175.14
             1844.79,175.14 1866.67,175.14 1866.67,175.14
             1866.67,175.14 1866.67,164.51 1866.67,164.51
             1866.67,164.51 1866.67,153.88 1866.67,153.88
             1866.67,153.88 1831.04,153.88 1831.04,153.88
             1831.04,153.88 1795.41,153.88 1795.41,153.88
             1795.41,153.88 1795.66,215.43 1795.66,215.43 Z
           M 1667.88,215.93
           C 1667.88,215.93 1667.88,278.10 1667.88,278.10
             1667.88,278.10 1693.88,277.35 1693.88,277.35
             1712.26,276.85 1721.89,276.10 1727.14,274.60
             1750.52,268.10 1764.28,253.58 1769.40,229.81
             1771.40,220.18 1770.03,198.41 1766.78,190.03
             1760.65,174.02 1748.90,162.63 1733.14,157.38
             1725.77,155.00 1721.52,154.63 1696.39,154.13
             1696.39,154.13 1667.88,153.63 1667.88,153.63
             1667.88,153.63 1667.88,215.93 1667.88,215.93 Z
           M 1724.27,178.65
           C 1731.27,181.65 1736.27,186.78 1739.64,193.91
             1741.90,198.66 1742.27,201.92 1742.27,214.55
             1742.27,228.69 1742.02,229.94 1738.52,237.07
             1732.02,250.21 1722.02,255.21 1702.89,255.21
             1702.89,255.21 1694.13,255.21 1694.13,255.21
             1694.13,255.21 1694.13,215.05 1694.13,215.05
             1694.13,215.05 1694.13,174.77 1694.13,174.77
             1694.13,174.77 1706.51,175.52 1706.51,175.52
             1714.76,175.89 1720.64,176.90 1724.27,178.65 Z
           M 1571.61,215.80
           C 1571.61,215.80 1571.61,277.73 1571.61,277.73
             1571.61,277.73 1606.99,277.48 1606.99,277.48
             1606.99,277.48 1642.25,277.10 1642.25,277.10
             1642.25,277.10 1642.62,266.09 1642.62,266.09
             1642.62,266.09 1643.00,255.21 1643.00,255.21
             1643.00,255.21 1620.37,255.21 1620.37,255.21
             1620.37,255.21 1597.86,255.21 1597.86,255.21
             1597.86,255.21 1597.86,239.57 1597.86,239.57
             1597.86,239.57 1597.86,223.93 1597.86,223.93
             1597.86,223.93 1618.49,223.93 1618.49,223.93
             1618.49,223.93 1639.12,223.93 1639.12,223.93
             1639.12,223.93 1639.12,212.67 1639.12,212.67
             1639.12,212.67 1639.12,201.42 1639.12,201.42
             1639.12,201.42 1618.49,201.42 1618.49,201.42
             1618.49,201.42 1597.86,201.42 1597.86,201.42
             1597.86,201.42 1597.86,188.28 1597.86,188.28
             1597.86,188.28 1597.86,175.14 1597.86,175.14
             1597.86,175.14 1620.37,175.14 1620.37,175.14
             1620.37,175.14 1642.87,175.14 1642.87,175.14
             1642.87,175.14 1642.87,164.51 1642.87,164.51
             1642.87,164.51 1642.87,153.88 1642.87,153.88
             1642.87,153.88 1607.24,153.88 1607.24,153.88
             1607.24,153.88 1571.61,153.88 1571.61,153.88
             1571.61,153.88 1571.61,215.80 1571.61,215.80 Z
           M 1474.33,215.43
           C 1474.33,215.43 1474.71,277.10 1474.71,277.10
             1474.71,277.10 1487.84,277.10 1487.84,277.10
             1487.84,277.10 1500.97,277.10 1500.97,277.10
             1500.97,277.10 1501.34,252.96 1501.34,252.96
             1501.34,252.96 1501.59,228.94 1501.59,228.94
             1501.59,228.94 1522.22,228.94 1522.22,228.94
             1522.22,228.94 1542.85,228.94 1542.85,228.94
             1542.85,228.94 1542.85,217.68 1542.85,217.68
             1542.85,217.68 1542.85,206.42 1542.85,206.42
             1542.85,206.42 1522.22,206.42 1522.22,206.42
             1522.22,206.42 1501.59,206.42 1501.59,206.42
             1501.59,206.42 1501.59,190.78 1501.59,190.78
             1501.59,190.78 1501.59,175.14 1501.59,175.14
             1501.59,175.14 1523.47,175.14 1523.47,175.14
             1523.47,175.14 1545.35,175.14 1545.35,175.14
             1545.35,175.14 1545.35,164.51 1545.35,164.51
             1545.35,164.51 1545.35,153.88 1545.35,153.88
             1545.35,153.88 1509.72,153.88 1509.72,153.88
             1509.72,153.88 1474.08,153.88 1474.08,153.88
             1474.08,153.88 1474.33,215.43 1474.33,215.43 Z
           M 1180.27,165.14
           C 1180.27,165.14 1180.27,176.40 1180.27,176.40
             1180.27,176.40 1196.52,176.40 1196.52,176.40
             1196.52,176.40 1212.78,176.40 1212.78,176.40
             1212.78,176.40 1213.03,226.69 1213.03,226.69
             1213.03,226.69 1213.40,277.10 1213.40,277.10
             1213.40,277.10 1226.53,277.10 1226.53,277.10
             1226.53,277.10 1239.66,277.10 1239.66,277.10
             1239.66,277.10 1240.03,226.81 1240.03,226.81
             1240.03,226.81 1240.28,176.52 1240.28,176.52
             1240.28,176.52 1256.91,176.14 1256.91,176.14
             1256.91,176.14 1273.41,175.77 1273.41,175.77
             1273.41,175.77 1273.79,164.76 1273.79,164.76
             1273.79,164.76 1274.16,153.88 1274.16,153.88
             1274.16,153.88 1227.15,153.88 1227.15,153.88
             1227.15,153.88 1180.27,153.88 1180.27,153.88
             1180.27,153.88 1180.27,165.14 1180.27,165.14 Z
           M 1060.49,199.79
           C 1060.99,252.08 1061.12,252.83 1070.99,263.84
             1080.00,273.85 1093.75,278.98 1111.25,278.98
             1133.01,278.98 1150.64,269.10 1158.26,252.83
             1160.76,247.33 1160.89,245.08 1161.26,200.41
             1161.26,200.41 1161.64,153.88 1161.64,153.88
             1161.64,153.88 1148.51,153.88 1148.51,153.88
             1148.51,153.88 1135.38,153.88 1135.38,153.88
             1135.38,153.88 1135.01,197.91 1135.01,197.91
             1134.63,248.33 1134.63,248.33 1124.01,253.58
             1111.88,259.84 1096.00,256.21 1090.12,246.08
             1087.12,240.82 1087.12,240.82 1086.75,197.29
             1086.75,197.29 1086.37,153.88 1086.37,153.88
             1086.37,153.88 1073.24,153.88 1073.24,153.88
             1073.24,153.88 1060.12,153.88 1060.12,153.88
             1060.12,153.88 1060.49,199.79 1060.49,199.79 Z
           M 948.97,165.14
           C 948.97,165.14 948.97,176.40 948.97,176.40
             948.97,176.40 965.84,176.40 965.84,176.40
             965.84,176.40 982.72,176.40 982.72,176.40
             982.72,176.40 982.72,227.06 982.72,227.06
             982.72,227.06 982.72,277.73 982.72,277.73
             982.72,277.73 995.85,277.73 995.85,277.73
             995.85,277.73 1008.98,277.73 1008.98,277.73
             1008.98,277.73 1008.98,227.06 1008.98,227.06
             1008.98,227.06 1008.98,176.52 1008.98,176.52
             1008.98,176.52 1025.61,176.14 1025.61,176.14
             1025.61,176.14 1042.11,175.77 1042.11,175.77
             1042.11,175.77 1042.49,164.76 1042.49,164.76
             1042.49,164.76 1042.86,153.88 1042.86,153.88
             1042.86,153.88 995.85,153.88 995.85,153.88
             995.85,153.88 948.97,153.88 948.97,153.88
             948.97,153.88 948.97,165.14 948.97,165.14 Z
           M 903.96,215.80
           C 903.96,215.80 903.96,277.73 903.96,277.73
             903.96,277.73 917.08,277.73 917.08,277.73
             917.08,277.73 930.21,277.73 930.21,277.73
             930.21,277.73 930.21,215.80 930.21,215.80
             930.21,215.80 930.21,153.88 930.21,153.88
             930.21,153.88 917.08,153.88 917.08,153.88
             917.08,153.88 903.96,153.88 903.96,153.88
             903.96,153.88 903.96,215.80 903.96,215.80 Z
           M 791.68,164.76
           C 791.68,164.76 792.05,175.77 792.05,175.77
             792.05,175.77 808.68,176.14 808.68,176.14
             808.68,176.14 825.19,176.52 825.19,176.52
             825.19,176.52 825.19,227.06 825.19,227.06
             825.19,227.06 825.19,277.73 825.19,277.73
             825.19,277.73 838.32,277.73 838.32,277.73
             838.32,277.73 851.44,277.73 851.44,277.73
             851.44,277.73 851.44,227.06 851.44,227.06
             851.44,227.06 851.44,176.40 851.44,176.40
             851.44,176.40 868.32,176.40 868.32,176.40
             868.32,176.40 885.20,176.40 885.20,176.40
             885.20,176.40 885.20,165.14 885.20,165.14
             885.20,165.14 885.20,153.88 885.20,153.88
             885.20,153.88 838.32,153.88 838.32,153.88
             838.32,153.88 791.30,153.88 791.30,153.88
             791.30,153.88 791.68,164.76 791.68,164.76 Z
           M 567.88,215.43
           C 567.88,215.43 568.25,277.10 568.25,277.10
             568.25,277.10 579.88,277.48 579.88,277.48
             579.88,277.48 591.63,277.85 591.63,277.85
             591.63,277.85 591.13,231.07 591.13,231.07
             591.13,231.07 590.76,184.40 590.76,184.40
             590.76,184.40 616.39,229.06 616.39,229.06
             630.52,253.58 642.90,274.60 643.77,275.73
             645.15,277.35 648.40,277.73 661.53,277.73
             661.53,277.73 677.65,277.73 677.65,277.73
             677.65,277.73 677.65,215.80 677.65,215.80
             677.65,215.80 677.65,153.88 677.65,153.88
             677.65,153.88 665.65,153.88 665.65,153.88
             665.65,153.88 653.65,153.88 653.65,153.88
             653.65,153.88 654.15,199.41 654.15,199.41
             654.27,224.56 654.15,244.33 653.65,243.58
             653.15,242.70 641.27,222.31 627.39,198.29
             627.39,198.29 601.89,154.50 601.89,154.50
             601.89,154.50 584.76,154.13 584.76,154.13
             584.76,154.13 567.63,153.75 567.63,153.75
             567.63,153.75 567.88,215.43 567.88,215.43 Z
           M 510.37,215.43
           C 510.37,215.43 510.74,277.10 510.74,277.10
             510.74,277.10 523.87,277.10 523.87,277.10
             523.87,277.10 537.00,277.10 537.00,277.10
             537.00,277.10 537.37,215.43 537.37,215.43
             537.37,215.43 537.62,153.88 537.62,153.88
             537.62,153.88 523.87,153.88 523.87,153.88
             523.87,153.88 510.12,153.88 510.12,153.88
             510.12,153.88 510.37,215.43 510.37,215.43 Z
           M 161.91,155.00
           C 160.54,155.63 158.29,157.38 156.91,158.88
             154.54,161.51 154.41,163.63 154.03,213.68
             153.78,251.33 154.16,266.72 155.16,269.35
             158.16,276.60 157.04,276.48 215.42,276.48
             215.42,276.48 269.06,276.48 269.06,276.48
             269.06,276.48 272.69,272.85 272.69,272.85
             272.69,272.85 276.31,269.22 276.31,269.22
             276.31,269.22 276.31,215.80 276.31,215.80
             276.31,181.65 275.81,161.63 275.06,160.01
             271.81,154.13 269.81,153.88 215.42,154.00
             187.42,154.00 163.29,154.50 161.91,155.00 Z
           M 14.38,155.00
           C 13.00,155.63 10.75,157.38 9.38,158.88
             7.00,161.51 6.88,163.63 6.50,213.18
             6.38,241.45 6.50,265.97 6.88,267.47
             7.25,269.10 9.13,271.85 10.88,273.47
             10.88,273.47 14.13,276.48 14.13,276.48
             14.13,276.48 67.77,276.48 67.77,276.48
             67.77,276.48 121.53,276.48 121.53,276.48
             121.53,276.48 125.15,272.85 125.15,272.85
             125.15,272.85 128.78,269.22 128.78,269.22
             128.78,269.22 128.78,215.93 128.78,215.93
             128.78,215.93 128.78,162.63 128.78,162.63
             128.78,162.63 125.15,158.63 125.15,158.63
             125.15,158.63 121.53,154.50 121.53,154.50
             121.53,154.50 69.14,154.25 69.14,154.25
             40.38,154.13 15.75,154.50 14.38,155.00 Z
           M 2034.21,155.38
           C 2032.21,160.01 1991.70,275.73 1991.70,276.85
             1991.70,277.35 1997.95,277.60 2005.71,277.48
             2005.71,277.48 2019.71,277.10 2019.71,277.10
             2019.71,277.10 2024.21,262.72 2024.21,262.72
             2024.21,262.72 2028.71,248.33 2028.71,248.33
             2028.71,248.33 2051.09,248.33 2051.09,248.33
             2051.09,248.33 2073.47,248.33 2073.47,248.33
             2073.47,248.33 2077.97,262.72 2077.97,262.72
             2077.97,262.72 2082.47,277.10 2082.47,277.10
             2082.47,277.10 2096.48,277.48 2096.48,277.48
             2104.23,277.60 2110.48,277.35 2110.48,276.85
             2110.48,276.23 2100.73,248.20 2088.85,214.55
             2088.85,214.55 2067.09,153.25 2067.09,153.25
             2067.09,153.25 2051.34,152.88 2051.34,152.88
             2035.84,152.50 2035.46,152.63 2034.21,155.38 Z
           M 2059.09,200.16
           C 2063.34,213.43 2066.47,224.56 2066.22,224.81
             2065.97,225.06 2059.09,225.06 2050.84,224.93
             2050.84,224.93 2035.96,224.56 2035.96,224.56
             2035.96,224.56 2041.84,204.92 2041.84,204.92
             2045.21,194.03 2048.46,182.90 2049.22,180.02
             2049.97,177.27 2050.84,175.14 2051.09,175.39
             2051.34,175.64 2054.97,186.78 2059.09,200.16 Z
           M 1330.55,153.25
           C 1308.92,158.00 1295.17,171.02 1289.79,191.78
             1285.54,208.17 1286.29,230.19 1291.67,244.58
             1299.54,265.59 1316.30,277.10 1340.93,278.60
             1354.43,279.35 1364.43,277.73 1374.94,272.85
             1394.82,263.47 1404.57,244.45 1404.44,215.18
             1404.44,192.91 1399.44,177.90 1388.32,166.76
             1375.44,154.00 1352.31,148.50 1330.55,153.25 Z
           M 1361.93,178.15
           C 1372.06,184.03 1376.56,195.29 1376.56,214.80
             1376.56,229.31 1374.94,237.20 1370.19,244.58
             1360.06,260.59 1331.80,260.59 1321.67,244.58
             1316.92,237.20 1315.30,229.31 1315.30,214.93
             1315.30,199.54 1317.92,190.28 1324.55,183.15
             1331.05,176.02 1337.18,173.77 1348.06,174.27
             1354.18,174.64 1357.81,175.64 1361.93,178.15 Z
           M 733.79,152.63
           C 719.29,155.25 707.29,164.26 704.16,174.89
             701.53,183.65 702.28,195.16 705.91,202.42
             710.29,211.17 716.79,216.43 734.17,225.31
             749.92,233.44 755.17,238.07 755.17,244.08
             755.17,249.33 753.30,252.33 748.67,254.71
             742.79,257.84 725.91,256.46 714.54,252.08
             699.03,246.20 700.16,245.58 700.16,259.34
             700.16,259.34 700.16,271.35 700.16,271.35
             700.16,271.35 706.91,273.85 706.91,273.85
             722.41,279.60 743.29,280.36 757.67,275.73
             762.67,274.10 766.42,271.60 771.55,266.47
             779.80,258.34 782.05,251.83 781.18,239.82
             779.93,224.31 773.43,217.05 749.67,204.92
             731.79,195.91 728.92,193.28 728.92,186.78
             728.92,173.89 741.79,170.77 763.92,178.27
             763.92,178.27 772.55,181.15 772.55,181.15
             772.55,181.15 776.30,172.02 776.30,172.02
             778.43,166.89 780.18,162.26 780.18,161.51
             780.18,160.26 770.67,156.38 762.05,154.13
             754.67,152.13 740.42,151.37 733.79,152.63 Z
           M 308.82,7.88
           C 307.07,8.76 304.69,11.38 303.44,13.76
             301.44,17.76 301.32,22.52 301.57,69.81
             301.57,69.81 301.94,121.60 301.94,121.60
             301.94,121.60 306.07,125.23 306.07,125.23
             306.07,125.23 310.07,128.86 310.07,128.86
             310.07,128.86 363.33,128.86 363.33,128.86
             363.33,128.86 416.59,128.86 416.59,128.86
             416.59,128.86 420.22,125.23 420.22,125.23
             420.22,125.23 423.85,121.60 423.85,121.60
             423.85,121.60 423.85,68.18 423.85,68.18
             423.85,34.03 423.35,14.01 422.60,12.39
             419.35,6.51 417.34,6.26 362.96,6.26
             324.70,6.26 311.20,6.63 308.82,7.88 Z
           M 161.91,7.38
           C 160.54,8.01 158.29,9.76 156.91,11.26
             154.54,13.89 154.41,15.76 154.41,67.81
             154.41,67.81 154.41,121.60 154.41,121.60
             154.41,121.60 158.54,125.23 158.54,125.23
             158.54,125.23 162.54,128.86 162.54,128.86
             162.54,128.86 215.80,128.86 215.80,128.86
             215.80,128.86 269.06,128.86 269.06,128.86
             269.06,128.86 272.69,125.23 272.69,125.23
             272.69,125.23 276.31,121.60 276.31,121.60
             276.31,121.60 276.31,67.93 276.31,67.93
             276.31,9.63 276.44,11.38 269.19,7.63
             265.94,6.00 165.91,5.75 161.91,7.38 Z
           M 54.39,1.25
           C 1.75,11.76 -18.00,77.19 19.88,115.22
             56.89,152.38 119.90,135.11 133.16,84.19
             135.53,75.06 135.53,60.05 133.16,50.92
             124.15,16.51 89.02,-5.63 54.39,1.25 Z" />
</svg>
